%YAML:1.0

# output directory
output_dir: "/home/touchair/output/larvio/"

# switches
if_FEJ: 1    # 0(false) or 1(true)
estimate_extrin: 1    # 0(false) or 1(true)
estimate_td: 1    # 0(false) or 1(true)
calib_imu_instrinsic: 0    # 0(false) or 1(true)

# camera instrinsic
camera_model: "pinhole"       # only support "pinhole"
distortion_model: "radtan"    # only support "radtan" and "equidistant"
resolution_width: 640
resolution_height: 480
intrinsics:
   fx: 484.0910811928012
   fy: 484.01576020265475
   cx: 321.6130540995404
   cy: 238.71540961023783
distortion_coeffs:
   k1: 0.03966100417888477
   k2: -0.05079535254969738
   p1: -0.0008809115033325634
   p2: 0.0014337994776532444

# imu-camera extrinsic, including spacial and temporal parameters
T_cam_imu: !!opencv-matrix
   rows: 4
   cols: 4
   dt: d
   data:
     [-0.006960463907818845, -0.9999704029409315,   -0.003277984798901702, -0.010533328911009748,
      -0.999881065773998,     0.00700488270568306,  -0.013739939044131635,  0.02746761626293175,
       0.013762494281371447,  0.003181958584504485, -0.9999002294682828,   -0.016794382285617825,
       0.0,                   0.0,                   0.0,                   1.0]
td: 0.0

# TODO: if calibrate camera instrinsic online

# visual front-end parameters
pyramid_levels: 2
patch_size: 21
fast_threshold: 30
max_iteration: 30
track_precision: 0.01
ransac_threshold: 1
max_features_num: 200
min_distance: 20
flag_equalize: 1    # 0(false) or 1(true)
pub_frequency: 10

# window size
sw_size: 20

# online reset thresholds
position_std_threshold: 8.0
rotation_threshold: 0.2618
translation_threshold: 0.4
tracking_rate_threshold: 0.5

# feature triangulation parameters
least_observation_number: 3
max_track_len: 6
feature_translation_threshold: -1.0

# imu and camera measurement noise parameters
noise_gyro: 0.00249210429305
noise_acc: 0.01193226198
noise_gyro_bias: 1.64026486406e-05
noise_acc_bias: 0.000685844067113
noise_feature: 0.008

# filter intial covariance
initial_covariance_orientation: 4e-4
initial_covariance_velocity: 0.25
initial_covariance_position: 1.0
initial_covariance_gyro_bias: 4e-4
initial_covariance_acc_bias: 0.01
initial_covariance_extrin_rot: 3.0462e-8
initial_covariance_extrin_trans: 9e-8

# fej settings
reset_fej_threshold: 10.11

# zupt settings
if_ZUPT_valid: 1    # 0(false) or 1(true)
zupt_max_feature_dis: 2e-3
zupt_noise_v: 1e-2    # std
zupt_noise_p: 1e-2
zupt_noise_q: 3.4e-2

# static initialization setting
static_duration: 1.0

# measurement rate
imu_rate: 100
img_rate: 30

# augmented feature state settings
max_features_in_one_grid: 1     # pure msckf if set to 0
aug_grid_rows: 5
aug_grid_cols: 6
feature_idp_dim: 1              # 1 or 3

# if apply Schmidt filter
use_schmidt: 0    # 0(false) or 1(true)
